[gd_scene load_steps=3 format=3 uid="uid://duxaw5j5vtg2r"]

[ext_resource type="PackedScene" uid="uid://btres5r46w8pd" path="res://scenes/player/player.tscn" id="1_h3e3j"]
[ext_resource type="PackedScene" uid="uid://dvtl8l6g0xsfb" path="res://scenes/enemy/enemy.tscn" id="2_nbgty"]

[node name="Level" type="Node3D"]

[node name="Player" parent="." instance=ExtResource("1_h3e3j")]

[node name="CSGBox3D" type="CSGBox3D" parent="."]
transform = Transform3D(1, 0, 0, 0, 1, 0, 0, 0, 1, 0, 0, -250)
use_collision = true
size = Vector3(18, 0.1, 500)

[node name="CSGBox3D" type="CSGBox3D" parent="CSGBox3D"]
transform = Transform3D(0.331733, 0, -0.943373, 0, 1, 0, 0.943373, 0, 0.331733, 3.84091, 8.84993, 156.051)
size = Vector3(20.151, 18.6999, 1)

[node name="CSGBox3D8" type="CSGBox3D" parent="CSGBox3D"]
transform = Transform3D(1, 0, 0, 0, 1, 0, 0, 0, 1, 7.15036, 8.84993, 207.567)
size = Vector3(1.95038, 18.6999, 86.6918)

[node name="CSGBox3D7" type="CSGBox3D" parent="CSGBox3D"]
transform = Transform3D(1, 0, 0, 0, 0.580603, 0.814186, 0, -0.814186, 0.580603, 1.40262, 1.95879, 149.919)
size = Vector3(18.3342, 8.52261, 1)

[node name="CSGBox3D6" type="CSGBox3D" parent="CSGBox3D"]
transform = Transform3D(0.886656, 0, 0.46243, 0, 1, 0, -0.46243, 0, 0.886656, 0.0650244, 0.435272, 187.661)
size = Vector3(6.11023, 1.87054, 5.14893)

[node name="CSGBox3D2" type="CSGBox3D" parent="CSGBox3D"]
transform = Transform3D(1, 0, 0, 0, 1, 0, 0, 0, 1, -4.24928, 1.17719, 123.988)
size = Vector3(3.08447, 3.35437, 1)

[node name="CSGBox3D3" type="CSGBox3D" parent="CSGBox3D"]
transform = Transform3D(1, 0, 0, 0, 1, 0, 0, 0, 1, 3.45981, 1.17719, 105.497)
size = Vector3(3.08447, 3.35437, 1)

[node name="CSGBox3D4" type="CSGBox3D" parent="CSGBox3D"]
transform = Transform3D(1, 0, 0, 0, 1, 0, 0, 0, 1, -2.75893, 1.17719, 77.3554)
size = Vector3(3.08447, 3.35437, 1)

[node name="CSGBox3D5" type="CSGBox3D" parent="CSGBox3D"]
transform = Transform3D(1, 0, 0, 0, 1, 0, 0, 0, 1, 0.423352, 1.17719, 61.0128)
size = Vector3(3.08447, 3.35437, 1)

[node name="DirectionalLight3D" type="DirectionalLight3D" parent="."]
transform = Transform3D(0.283351, -0.798142, -0.531679, -0.553319, -0.588876, 0.589121, -0.783295, 0.12726, -0.608485, 0, 9.48541, 0)
shadow_enabled = true

[node name="Enemy" parent="." instance=ExtResource("2_nbgty")]
transform = Transform3D(1, 0, 0, 0, 1, 0, 0, 0, 1, 3.22246, 0, -90.2093)

[node name="Enemy2" parent="." instance=ExtResource("2_nbgty")]
transform = Transform3D(1, 0, 0, 0, 1, 0, 0, 0, 1, -4.41337, 2.80885, -125.998)

[node name="Enemy3" parent="." instance=ExtResource("2_nbgty")]
transform = Transform3D(1, 0, 0, 0, 1, 0, 0, 0, 1, -4.41337, 0.0974627, -134.837)
